  1.  3.18445981E-38
  1.1  2.31676161E-38
  1.2  2.52281009E-38
  1.3  2.27739242E-38
  1.40000001  1.32041878E-38
  1.50000001 -5.79590384E-39
  1.60000001 -3.52126002E-38
  1.70000001 -7.33202465E-38
  1.80000001 -1.14261912E-37
  1.90000001 -1.47196339E-37
  2.00000001 -1.56882114E-37
  2.10000002 -1.26627441E-37
  2.20000002 -4.41357185E-38
  2.30000002  9.02888485E-38
  2.40000002  2.55446367E-37
  2.50000002  4.05092955E-37
  2.60000002  4.73334208E-37
  2.70000003  3.93797371E-37
  2.80000003  1.31979165E-37
  2.90000003 -2.78390057E-37
  3.00000003 -7.13729938E-37
  3.10000003 -9.77194816E-37
  3.20000003 -8.68987563E-37
  3.30000003 -3.00614953E-37
  3.40000004  5.94453655E-37
  3.50000004  1.43187694E-36
  3.60000004  1.70041493E-36
  3.70000004  1.04130893E-36
  3.80000004 -4.34168459E-37
  3.90000004 -2.01188933E-36
  4.00000004 -2.6365128E-36
  4.10000005 -1.57055812E-36
  4.20000005  8.91415667E-37
  4.30000005  3.24513353E-36
  4.40000005  3.56896123E-36
  4.50000005  1.0402196E-36
  4.60000005 -2.91134589E-36
  4.70000006 -5.1131538E-36
  4.80000006 -3.08153799E-36
  4.90000006  2.27261608E-36
  5.00000006  6.42772187E-36
  5.10000006  4.83722421E-36
  5.20000006 -2.12439007E-36
  5.30000006 -8.03239647E-36
  5.40000007 -5.98195723E-36
  5.50000007  3.33379913E-36
  5.60000007  1.02427353E-35
  5.70000007  5.70967215E-36
  5.80000007 -6.7749711E-36
  5.90000007 -1.24086694E-35
  6.00000007 -2.29475488E-36
  6.10000008  1.25096702E-35
  6.20000008  1.18109618E-35
  6.30000008 -6.15138209E-36
  6.40000008 -1.7499767E-35
  6.50000008 -3.65646829E-36
  6.60000008  1.7822875E-35
  6.70000008  1.35290828E-35
  6.80000009 -1.36209809E-35
  6.90000009 -2.13109999E-35
  7.00000009  6.8156216E-36
  7.10000009  2.64159833E-35
  7.20000009  7.08684366E-37
  7.30000009 -2.94019476E-35
  7.4000001 -7.6182232E-36
  7.5000001  3.13695126E-35
  7.6000001  1.31233157E-35
  7.7000001 -3.34994611E-35
  7.8000001 -1.66951507E-35
  7.9000001  3.67670974E-35
  8.0000001  1.77116114E-35
  8.10000011 -4.1717386E-35
  8.20000011 -1.51728848E-35
  8.30000011  4.81459134E-35
  8.40000011  7.63367592E-36
  8.50000011 -5.45901474E-35
  8.60000011  6.41272544E-36
  8.70000011  5.77307363E-35
  8.80000012 -2.73793747E-35
  8.90000012 -5.22024624E-35
  9.00000012  5.24991515E-35
  9.10000012  3.18678538E-35
  9.20000012 -7.34377713E-35
  9.30000012  6.1649296E-36
  9.40000013  7.58947712E-35
  9.50000013 -5.47592993E-35
  9.60000013 -4.51652227E-35
  9.70000013  9.12144666E-35
  9.80000013 -1.97178748E-35
  9.90000013 -8.26301031E-35
  10.0000001  8.93993124E-35
  10.1000001  1.15668144E-35
  10.2000001 -1.06245182E-34
  10.3000001  8.70785053E-35
  10.4000001  2.89468687E-35
  10.5000001 -1.22172019E-34
  10.6000001  9.65651709E-35
  10.7000001  2.60606472E-35
  10.8000001 -1.31721173E-34
  10.9000001  1.23253118E-34
  11.0000001 -5.55653822E-36
  11.1000002 -1.23899886E-34
  11.2000002  1.60043596E-34
  11.3000002 -7.32227597E-35
  11.4000002 -7.32671512E-35
  11.5000002  1.75215707E-34
  11.6000002 -1.62481373E-34
  11.7000002  4.27303518E-35
  11.8000002  1.09715793E-34
  11.9000002 -2.04342487E-34
  12.0000002  1.87831354E-34
  12.1000002 -6.96160755E-35
  12.2000002 -8.93238785E-35
  12.3000002  2.11954972E-34
  12.4000002 -2.42947288E-34
  12.5000002  1.70595957E-34
  12.6000002 -2.6353391E-35
  12.7000002 -1.33149649E-34
  12.8000002  2.50584256E-34
  12.9000002 -2.88109571E-34
  13.0000002  2.36940777E-34
  13.1000002 -1.15535037E-34
  13.2000002 -4.02199932E-35
  13.3000002  1.89755305E-34
  13.4000002 -2.98996714E-34
  13.5000002  3.47272132E-34
  13.6000002 -3.29294739E-34
  13.7000002  2.53112705E-34
  13.8000002 -1.35681985E-34
  13.9000002 -2.22807617E-36
  14.0000002  1.404933E-34
  14.1000002 -2.62736929E-34
  14.2000002  3.57896022E-34
  14.3000002 -4.204539E-34
  14.4000002  4.49734786E-34
  14.5000002 -4.48693949E-34
  14.6000002  4.22572034E-34
  14.7000002 -3.77671076E-34
  14.8000002  3.2039408E-34
  14.9000002 -2.56594726E-34
  15.0000002  1.91218522E-34
  15.1000002 -1.28180901E-34
  15.2000002  7.04151732E-35
  15.3000002 -2.00259505E-35
  15.4000002 -2.15055421E-35
  15.5000002  5.31046759E-35
  15.6000002 -7.39034384E-35
  15.7000002  8.30765326E-35
  15.8000002 -7.9727465E-35
  15.9000002  6.28365883E-35
  16.0000002 -3.12836727E-35
  16.1000002 -1.60406403E-35
  16.2000002  8.00190726E-35
  16.3000002 -1.6097427E-34
  16.4000002  2.58212555E-34
  16.5000002 -3.69457528E-34
  16.6000002  4.90216741E-34
  16.7000002 -6.13169758E-34
  16.8000002  7.2772415E-34
  16.9000002 -8.19949723E-34
  17.0000002  8.7315447E-34
  17.1000002 -8.69381021E-34
  17.2000002  7.9204243E-34
  17.3000002 -6.2973907E-34
  17.4000002  3.80972051E-34
  17.5000002 -5.89936294E-35
  17.6000002 -3.04524055E-34
  17.7000002  6.58807113E-34
  17.8000003 -9.38245298E-34
  17.9000003  1.07306353E-33
  18.0000003 -1.00641344E-33
  18.1000003  7.15446305E-34
  18.2000003 -2.30857421E-34
  18.3000003 -3.53280132E-34
  18.4000003  8.88233249E-34
  18.5000003 -1.20359605E-33
  18.6000003  1.16235544E-33
  18.7000003 -7.24153351E-34
  18.8000003 -8.61366721E-36
  18.9000003  7.91716976E-34
  19.0000003 -1.30722477E-33
  19.1000003  1.29212335E-33
  19.2000003 -6.82946192E-34
  19.3000003 -2.98627816E-34
  19.4000003  1.19267726E-33
  19.5000003 -1.50263502E-33
  19.6000003  9.81362011E-34
  19.7000003  1.56415075E-34
  19.8000003 -1.267113E-33
  19.9000003  1.61787389E-33
